[gd_scene load_steps=10 format=2]

[ext_resource path="res://Planet.gd" type="Script" id=1]
[ext_resource path="res://assets/images/purple_pink.png" type="Texture" id=2]
[ext_resource path="res://FaceWithHiddenMargin.gd" type="Script" id=3]

[sub_resource type="SpatialMaterial" id=2]
albedo_texture = ExtResource( 2 )

[sub_resource type="SpatialMaterial" id=3]
albedo_texture = ExtResource( 2 )

[sub_resource type="SpatialMaterial" id=4]
albedo_texture = ExtResource( 2 )

[sub_resource type="SpatialMaterial" id=5]
albedo_texture = ExtResource( 2 )

[sub_resource type="SpatialMaterial" id=6]
albedo_texture = ExtResource( 2 )

[sub_resource type="SpatialMaterial" id=1]
albedo_texture = ExtResource( 2 )

[node name="Planet" type="Spatial"]
script = ExtResource( 1 )

[node name="Up" type="MeshInstance" parent="."]
transform = Transform( 0.775804, -0.397951, 0.490822, 0.590593, 0.731749, -0.340202, -0.223771, 0.553802, 0.802717, 0, 0, 0 )
material_override = SubResource( 2 )
script = ExtResource( 3 )
normal = Vector3( 0, 1, 0 )

[node name="Down" type="MeshInstance" parent="."]
transform = Transform( 0.775804, -0.397951, 0.490822, 0.590593, 0.731749, -0.340202, -0.223771, 0.553802, 0.802717, 0, 0, 0 )
material_override = SubResource( 3 )
script = ExtResource( 3 )
normal = Vector3( 0, -1, 0 )

[node name="Left" type="MeshInstance" parent="."]
transform = Transform( 0.775804, -0.397951, 0.490822, 0.590593, 0.731749, -0.340202, -0.223771, 0.553802, 0.802717, 0, 0, 0 )
material_override = SubResource( 4 )
script = ExtResource( 3 )
normal = Vector3( -1, 0, 0 )

[node name="Right" type="MeshInstance" parent="."]
transform = Transform( 0.775804, -0.397951, 0.490822, 0.590593, 0.731749, -0.340202, -0.223771, 0.553802, 0.802717, 0, 0, 0 )
material_override = SubResource( 5 )
script = ExtResource( 3 )
normal = Vector3( 1, 0, 0 )

[node name="Back" type="MeshInstance" parent="."]
transform = Transform( 0.775804, -0.397951, 0.490822, 0.590593, 0.731749, -0.340202, -0.223771, 0.553802, 0.802717, 0, 0, 0 )
material_override = SubResource( 6 )
script = ExtResource( 3 )
normal = Vector3( 0, 0, -1 )

[node name="Front" type="MeshInstance" parent="."]
transform = Transform( 0.775804, -0.397951, 0.490822, 0.590593, 0.731749, -0.340202, -0.223771, 0.553802, 0.802717, 0, 0, 0 )
material_override = SubResource( 1 )
script = ExtResource( 3 )
normal = Vector3( 0, 0, 1 )
